player1,bumster,dicedstk,diggs,endgamedos,loui8sdstk,loui9sdstk,menelaus34,mwaxy,skandaras,smatties
bumster,47,14,9,6,5,2,9,16,23,3
dicedstk,14,275,24,5,60,9,68,23,120,28
diggs,9,24,85,3,42,0,28,21,43,1
endgamedos,6,5,3,23,12,0,2,2,12,7
loui8sdstk,5,60,42,12,239,0,22,10,138,22
loui9sdstk,2,9,0,0,0,22,15,0,19,16
menelaus34,9,68,28,2,22,15,131,25,63,18
mwaxy,16,23,21,2,10,0,25,176,29,3
skandaras,23,120,43,12,138,19,63,29,304,83
smatties,3,28,1,7,22,16,18,3,83,89
