player1,bumster,dicedstk,diggs,endgamedos,loui8sdstk,loui9sdstk,menelaus34,mwaxy,skandaras,smatties
bumster,12,4,1,3,3,0,2,5,6,0
dicedstk,4,131,12,3,29,4,36,8,53,13
diggs,1,12,43,0,25,0,17,9,21,0
endgamedos,3,3,0,12,7,0,0,1,4,3
loui8sdstk,3,29,25,7,124,0,12,2,69,13
loui9sdstk,0,4,0,0,0,10,4,0,9,7
menelaus34,2,36,17,0,12,4,66,9,26,5
mwaxy,5,8,9,1,2,0,9,76,11,0
skandaras,6,53,21,4,69,9,26,11,145,47
smatties,0,13,0,3,13,7,5,0,47,49
