player1,bumster,dicedstk,diggs,endgamedos,loui8sdstk,loui9sdstk,menelaus34,mwaxy,skandaras,smatties
bumster,20,6,5,3,7,0,4,8,7,0
dicedstk,6,149,17,3,38,4,42,10,61,13
diggs,5,17,70,0,36,0,27,12,30,0
endgamedos,3,3,0,12,7,0,0,1,4,3
loui8sdstk,7,38,36,7,150,0,16,4,79,13
loui9sdstk,0,4,0,0,0,10,4,0,9,7
menelaus34,4,42,27,0,16,4,82,10,32,5
mwaxy,8,10,12,1,4,0,10,95,11,0
skandaras,7,61,30,4,79,9,32,11,162,47
smatties,0,13,0,3,13,7,5,0,47,49
