player1,bumster,dicedstk,diggs,endgamedos,loui8sdstk,loui9sdstk,menelaus34,mwaxy,skandaras,smatties
bumster,16,5,1,3,4,0,4,5,7,0
dicedstk,5,139,14,3,33,4,39,8,60,13
diggs,1,14,47,0,25,0,21,9,25,0
endgamedos,3,3,0,12,7,0,0,1,4,3
loui8sdstk,4,33,25,7,132,0,13,2,75,13
loui9sdstk,0,4,0,0,0,10,4,0,9,7
menelaus34,4,39,21,0,13,4,74,9,32,5
mwaxy,5,8,9,1,2,0,9,83,11,0
skandaras,7,60,25,4,75,9,32,11,157,47
smatties,0,13,0,3,13,7,5,0,47,49
