player1,bumster,dicedstk,diggs,endgamedos,loui8sdstk,loui9sdstk,menelaus34,mwaxy,skandaras,smatties
bumster,45,14,9,6,5,2,9,16,23,3
dicedstk,14,258,23,5,53,9,64,22,106,28
diggs,9,23,84,3,42,0,27,21,42,1
endgamedos,6,5,3,23,12,0,2,2,12,7
loui8sdstk,5,53,42,12,225,0,22,10,128,22
loui9sdstk,2,9,0,0,0,22,15,0,19,16
menelaus34,9,64,27,2,22,15,122,23,58,18
mwaxy,16,22,21,2,10,0,23,148,29,3
skandaras,23,106,42,12,128,19,58,29,285,83
smatties,3,28,1,7,22,16,18,3,83,89
