player1,bumster,dicedstk,diggs,endgamedos,loui8sdstk,loui9sdstk,menelaus34,mwaxy,skandaras,smatties
bumster,45,14,9,6,5,2,9,16,23,3
dicedstk,14,250,21,5,46,9,61,22,99,28
diggs,9,21,72,3,34,0,20,18,37,1
endgamedos,6,5,3,23,12,0,2,2,12,7
loui8sdstk,5,46,34,12,205,0,19,9,114,22
loui9sdstk,2,9,0,0,0,22,15,0,19,16
menelaus34,9,61,20,2,19,15,109,18,55,18
mwaxy,16,22,18,2,9,0,18,132,29,3
skandaras,23,99,37,12,114,19,55,29,271,83
smatties,3,28,1,7,22,16,18,3,83,89
