player1,bumster,dicedstk,diggs,endgamedos,loui8sdstk,loui9sdstk,menelaus34,mwaxy,skandaras,smatties
bumster,45,14,9,6,5,2,9,16,23,3
dicedstk,14,237,16,4,39,9,55,21,89,28
diggs,9,16,62,3,28,0,16,14,27,1
endgamedos,6,4,3,22,12,0,2,2,11,7
loui8sdstk,5,39,28,12,188,0,13,9,104,22
loui9sdstk,2,9,0,0,0,22,15,0,19,16
menelaus34,9,55,16,2,13,15,98,16,49,18
mwaxy,16,21,14,2,9,0,16,110,25,3
skandaras,23,89,27,11,104,19,49,25,254,83
smatties,3,28,1,7,22,16,18,3,83,89
