player1,bumster,dicedstk,diggs,endgamedos,loui8sdstk,loui9sdstk,menelaus34,mwaxy,skandaras,smatties
bumster,61,19,19,6,11,2,16,20,30,3
dicedstk,19,294,33,5,66,9,77,25,128,28
diggs,19,33,124,3,56,0,43,25,62,1
endgamedos,6,5,3,23,12,0,2,2,12,7
loui8sdstk,11,66,56,12,262,0,27,12,148,22
loui9sdstk,2,9,0,0,0,22,15,0,19,16
menelaus34,16,77,43,2,27,15,152,26,74,18
mwaxy,20,25,25,2,12,0,26,200,30,3
skandaras,30,128,62,12,148,19,74,30,327,83
smatties,3,28,1,7,22,16,18,3,83,89
