player1,bumster,dicedstk,diggs,endgamedos,loui8sdstk,loui9sdstk,menelaus34,mwaxy,skandaras,smatties
bumster,45,14,9,6,5,2,9,16,23,3
dicedstk,14,226,12,4,37,9,52,17,84,28
diggs,9,12,54,3,24,0,13,12,23,1
endgamedos,6,4,3,22,12,0,2,2,11,7
loui8sdstk,5,37,24,12,182,0,13,8,102,22
loui9sdstk,2,9,0,0,0,22,15,0,19,16
menelaus34,9,52,13,2,13,15,93,13,48,18
mwaxy,16,17,12,2,8,0,13,97,23,3
skandaras,23,84,23,11,102,19,48,23,249,83
smatties,3,28,1,7,22,16,18,3,83,89
