player1,bumster,dicedstk,diggs,endgamedos,loui8sdstk,loui9sdstk,menelaus34,mwaxy,skandaras,smatties
bumster,53,16,12,6,8,2,13,16,27,3
dicedstk,16,277,25,5,61,9,69,23,122,28
diggs,12,25,88,3,44,0,30,21,46,1
endgamedos,6,5,3,23,12,0,2,2,12,7
loui8sdstk,8,61,44,12,244,0,25,10,141,22
loui9sdstk,2,9,0,0,0,22,15,0,19,16
menelaus34,13,69,30,2,25,15,135,25,66,18
mwaxy,16,23,21,2,10,0,25,176,29,3
skandaras,27,122,46,12,141,19,66,29,308,83
smatties,3,28,1,7,22,16,18,3,83,89
