player1,bumster,dicedstk,diggs,endgamedos,loui8sdstk,loui9sdstk,menelaus34,mwaxy,skandaras,smatties
bumster,12,4,1,3,3,0,2,5,6,0
dicedstk,4,124,11,3,24,4,34,8,46,13
diggs,1,11,37,0,22,0,12,7,18,0
endgamedos,3,3,0,12,7,0,0,1,4,3
loui8sdstk,3,24,22,7,114,0,10,2,61,13
loui9sdstk,0,4,0,0,0,10,4,0,9,7
menelaus34,2,34,12,0,10,4,56,6,22,5
mwaxy,5,8,7,1,2,0,6,68,11,0
skandaras,6,46,18,4,61,9,22,11,134,47
smatties,0,13,0,3,13,7,5,0,47,49
