player1,bumster,dicedstk,diggs,endgamedos,loui8sdstk,loui9sdstk,menelaus34,mwaxy,skandaras,smatties
bumster,16,5,1,3,4,0,4,5,7,0
dicedstk,5,140,15,3,34,4,39,8,61,13
diggs,1,15,55,0,31,0,23,9,29,0
endgamedos,3,3,0,12,7,0,0,1,4,3
loui8sdstk,4,34,31,7,138,0,15,2,79,13
loui9sdstk,0,4,0,0,0,10,4,0,9,7
menelaus34,4,39,23,0,15,4,76,9,32,5
mwaxy,5,8,9,1,2,0,9,83,11,0
skandaras,7,61,29,4,79,9,32,11,161,47
smatties,0,13,0,3,13,7,5,0,47,49
