player1,bumster,dicedstk,diggs,endgamedos,loui8sdstk,loui9sdstk,menelaus34,mwaxy,skandaras,smatties
bumster,61,19,19,6,11,2,16,20,30,3
dicedstk,19,297,34,5,68,9,77,25,129,28
diggs,19,34,128,3,58,0,44,25,63,1
endgamedos,6,5,3,23,12,0,2,2,12,7
loui8sdstk,11,68,58,12,266,0,28,12,148,22
loui9sdstk,2,9,0,0,0,22,15,0,19,16
menelaus34,16,77,44,2,28,15,153,26,74,18
mwaxy,20,25,25,2,12,0,26,200,30,3
skandaras,30,129,63,12,148,19,74,30,328,83
smatties,3,28,1,7,22,16,18,3,83,89
