player1,bumster,dicedstk,diggs,endgamedos,loui8sdstk,loui9sdstk,menelaus34,mwaxy,skandaras,smatties
bumster,45,14,9,6,5,2,9,16,23,3
dicedstk,14,240,19,4,42,9,57,21,92,28
diggs,9,19,67,3,33,0,19,14,32,1
endgamedos,6,4,3,22,12,0,2,2,11,7
loui8sdstk,5,42,33,12,195,0,16,9,111,22
loui9sdstk,2,9,0,0,0,22,15,0,19,16
menelaus34,9,57,19,2,16,15,103,18,52,18
mwaxy,16,21,14,2,9,0,18,124,25,3
skandaras,23,92,32,11,111,19,52,25,261,83
smatties,3,28,1,7,22,16,18,3,83,89
