player1,bumster,dicedstk,diggs,endgamedos,loui8sdstk,loui9sdstk,menelaus34,mwaxy,skandaras,smatties
bumster,20,6,5,3,7,0,4,8,7,0
dicedstk,6,145,17,3,35,4,42,10,61,13
diggs,5,17,67,0,35,0,25,12,30,0
endgamedos,3,3,0,12,7,0,0,1,4,3
loui8sdstk,7,35,35,7,143,0,15,4,79,13
loui9sdstk,0,4,0,0,0,10,4,0,9,7
menelaus34,4,42,25,0,15,4,80,10,32,5
mwaxy,8,10,12,1,4,0,10,91,11,0
skandaras,7,61,30,4,79,9,32,11,162,47
smatties,0,13,0,3,13,7,5,0,47,49
