player1,bumster,dicedstk,diggs,endgamedos,loui8sdstk,loui9sdstk,menelaus34,mwaxy,skandaras,smatties
bumster,12,4,1,3,3,0,2,5,6,0
dicedstk,4,134,12,3,31,4,36,8,56,13
diggs,1,12,43,0,25,0,17,9,21,0
endgamedos,3,3,0,12,7,0,0,1,4,3
loui8sdstk,3,31,25,7,127,0,12,2,71,13
loui9sdstk,0,4,0,0,0,10,4,0,9,7
menelaus34,2,36,17,0,12,4,67,9,27,5
mwaxy,5,8,9,1,2,0,9,77,11,0
skandaras,6,56,21,4,71,9,27,11,149,47
smatties,0,13,0,3,13,7,5,0,47,49
