player1,bumster,dicedstk,diggs,endgamedos,loui8sdstk,loui9sdstk,menelaus34,mwaxy,skandaras,smatties
bumster,12,4,1,3,3,0,2,5,6,0
dicedstk,4,127,12,3,27,4,35,8,49,13
diggs,1,12,43,0,25,0,17,9,21,0
endgamedos,3,3,0,12,7,0,0,1,4,3
loui8sdstk,3,27,25,7,121,0,12,2,67,13
loui9sdstk,0,4,0,0,0,10,4,0,9,7
menelaus34,2,35,17,0,12,4,62,8,24,5
mwaxy,5,8,9,1,2,0,8,73,11,0
skandaras,6,49,21,4,67,9,24,11,140,47
smatties,0,13,0,3,13,7,5,0,47,49
