player1,bumster,dicedstk,diggs,endgamedos,loui8sdstk,loui9sdstk,menelaus34,mwaxy,skandaras,smatties
bumster,57,18,15,6,9,2,16,16,29,3
dicedstk,18,290,32,5,63,9,77,24,128,28
diggs,15,32,120,3,54,0,43,21,61,1
endgamedos,6,5,3,23,12,0,2,2,12,7
loui8sdstk,9,63,54,12,254,0,27,10,147,22
loui9sdstk,2,9,0,0,0,22,15,0,19,16
menelaus34,16,77,43,2,27,15,152,26,74,18
mwaxy,16,24,21,2,10,0,26,185,29,3
skandaras,29,128,61,12,147,19,74,29,325,83
smatties,3,28,1,7,22,16,18,3,83,89
