player1,bumster,dicedstk,diggs,endgamedos,loui8sdstk,loui9sdstk,menelaus34,mwaxy,skandaras,smatties
bumster,62,20,19,6,11,2,16,20,31,3
dicedstk,20,299,34,5,69,9,78,25,131,28
diggs,19,34,128,3,58,0,44,25,63,1
endgamedos,6,5,3,23,12,0,2,2,12,7
loui8sdstk,11,69,58,12,270,0,30,12,152,22
loui9sdstk,2,9,0,0,0,22,15,0,19,16
menelaus34,16,78,44,2,30,15,155,26,76,18
mwaxy,20,25,25,2,12,0,26,200,30,3
skandaras,31,131,63,12,152,19,76,30,333,83
smatties,3,28,1,7,22,16,18,3,83,89
