player1,bumster,dicedstk,diggs,endgamedos,loui8sdstk,loui9sdstk,menelaus34,mwaxy,skandaras,smatties
bumster,45,14,9,6,5,2,9,16,23,3
dicedstk,14,254,23,5,50,9,63,22,103,28
diggs,9,23,84,3,42,0,27,21,42,1
endgamedos,6,5,3,23,12,0,2,2,12,7
loui8sdstk,5,50,42,12,221,0,22,10,125,22
loui9sdstk,2,9,0,0,0,22,15,0,19,16
menelaus34,9,63,27,2,22,15,120,22,58,18
mwaxy,16,22,21,2,10,0,22,143,29,3
skandaras,23,103,42,12,125,19,58,29,282,83
smatties,3,28,1,7,22,16,18,3,83,89
