player1,bumster,dicedstk,diggs,endgamedos,loui8sdstk,loui9sdstk,menelaus34,mwaxy,skandaras,smatties
bumster,53,16,12,6,8,2,13,16,27,3
dicedstk,16,280,27,5,61,9,71,23,125,28
diggs,12,27,95,3,45,0,35,21,53,1
endgamedos,6,5,3,23,12,0,2,2,12,7
loui8sdstk,8,61,45,12,245,0,25,10,142,22
loui9sdstk,2,9,0,0,0,22,15,0,19,16
menelaus34,13,71,35,2,25,15,141,25,71,18
mwaxy,16,23,21,2,10,0,25,176,29,3
skandaras,27,125,53,12,142,19,71,29,316,83
smatties,3,28,1,7,22,16,18,3,83,89
