player1,bumster,dicedstk,diggs,endgamedos,loui8sdstk,loui9sdstk,menelaus34,mwaxy,skandaras,smatties
bumster,45,14,9,6,5,2,9,16,23,3
dicedstk,14,238,17,4,40,9,55,21,90,28
diggs,9,17,65,3,31,0,17,14,30,1
endgamedos,6,4,3,22,12,0,2,2,11,7
loui8sdstk,5,40,31,12,192,0,14,9,108,22
loui9sdstk,2,9,0,0,0,22,15,0,19,16
menelaus34,9,55,17,2,14,15,101,18,50,18
mwaxy,16,21,14,2,9,0,18,121,25,3
skandaras,23,90,30,11,108,19,50,25,258,83
smatties,3,28,1,7,22,16,18,3,83,89
