player1,bumster,dicedstk,diggs,endgamedos,loui8sdstk,loui9sdstk,menelaus34,mwaxy,skandaras,smatties
bumster,63,20,20,6,12,2,16,20,31,3
dicedstk,20,302,34,5,69,9,78,25,131,28
diggs,20,34,131,3,59,0,45,25,64,1
endgamedos,6,5,3,23,12,0,2,2,12,7
loui8sdstk,12,69,59,12,277,0,30,12,152,22
loui9sdstk,2,9,0,0,0,22,15,0,19,16
menelaus34,16,78,45,2,30,15,156,26,76,18
mwaxy,20,25,25,2,12,0,26,200,30,3
skandaras,31,131,64,12,152,19,76,30,334,83
smatties,3,28,1,7,22,16,18,3,83,89
