player1,bumster,dicedstk,diggs,endgamedos,loui8sdstk,loui9sdstk,menelaus34,mwaxy,skandaras,smatties
bumster,45,14,9,6,5,2,9,16,23,3
dicedstk,14,271,24,5,58,9,68,23,117,28
diggs,9,24,85,3,42,0,28,21,43,1
endgamedos,6,5,3,23,12,0,2,2,12,7
loui8sdstk,5,58,42,12,234,0,22,10,134,22
loui9sdstk,2,9,0,0,0,22,15,0,19,16
menelaus34,9,68,28,2,22,15,131,25,63,18
mwaxy,16,23,21,2,10,0,25,158,29,3
skandaras,23,117,43,12,134,19,63,29,299,83
smatties,3,28,1,7,22,16,18,3,83,89
