player1,bumster,dicedstk,diggs,endgamedos,loui8sdstk,loui9sdstk,menelaus34,mwaxy,skandaras,smatties
bumster,12,4,1,3,3,0,2,5,6,0
dicedstk,4,125,12,3,25,4,35,8,47,13
diggs,1,12,39,0,24,0,13,7,20,0
endgamedos,3,3,0,12,7,0,0,1,4,3
loui8sdstk,3,25,24,7,117,0,11,2,63,13
loui9sdstk,0,4,0,0,0,10,4,0,9,7
menelaus34,2,35,13,0,11,4,58,6,23,5
mwaxy,5,8,7,1,2,0,6,68,11,0
skandaras,6,47,20,4,63,9,23,11,136,47
smatties,0,13,0,3,13,7,5,0,47,49
