player1,bumster,dicedstk,diggs,endgamedos,loui8sdstk,loui9sdstk,menelaus34,mwaxy,skandaras,smatties
bumster,45,14,9,6,5,2,9,16,23,3
dicedstk,14,238,17,4,40,9,55,21,90,28
diggs,9,17,63,3,29,0,16,14,28,1
endgamedos,6,4,3,22,12,0,2,2,11,7
loui8sdstk,5,40,29,12,190,0,13,9,106,22
loui9sdstk,2,9,0,0,0,22,15,0,19,16
menelaus34,9,55,16,2,13,15,98,16,49,18
mwaxy,16,21,14,2,9,0,16,111,25,3
skandaras,23,90,28,11,106,19,49,25,256,83
smatties,3,28,1,7,22,16,18,3,83,89
